0 0.390845 0.280142 0.388 0.292254 0.315603 0.319149 0.34507 0.390845 0.397436 0.421296 0.346429 0.347826 0.340426 0.322695 0.341727 0.336879 0.365248 0.343066 0.342857 0.283688 
0.390845 0 0.389262 0.0639098 0.37 0.385906 0.42953 0.36 0.356667 0.42 0.362069 0.415541 0.349315 0.392617 0.395973 0.360544 0.416107 0.392617 0.389655 0.398649 0.342282 
0.280142 0.389262 0 0.397727 0.372483 0.378378 0.418919 0.325503 0.372483 0.383065 0.365217 0.37415 0.386207 0.297297 0.337838 0.34589 0.391892 0.361486 0.381944 0.380952 0.297297 
0.388 0.0639098 0.397727 0 0.383459 0.375 0.42803 0.37218 0.379699 0.402778 0.348485 0.438931 0.383721 0.443182 0.443182 0.369231 0.390152 0.367424 0.382812 0.389313 0.352273 
0.292254 0.37 0.372483 0.383459 0 0.298658 0.338926 0.323333 0.346667 0.396 0.349138 0.388514 0.400685 0.375839 0.322148 0.357143 0.281879 0.409396 0.389655 0.347973 0.285235 
0.315603 0.385906 0.378378 0.375 0.298658 0 0.344595 0.278523 0.345638 0.399194 0.369565 0.37415 0.362069 0.347973 0.307432 0.321918 0.287162 0.337838 0.361111 0.29932 0.273649 
0.319149 0.42953 0.418919 0.42803 0.338926 0.344595 0 0.322148 0.389262 0.435484 0.430435 0.401361 0.386207 0.341216 0.331081 0.35274 0.307432 0.435811 0.333333 0.340136 0.368243 
0.34507 0.36 0.325503 0.37218 0.323333 0.278523 0.322148 0 0.323333 0.364 0.340517 0.331081 0.39726 0.385906 0.312081 0.316327 0.255034 0.328859 0.344828 0.337838 0.265101 
0.390845 0.356667 0.372483 0.379699 0.346667 0.345638 0.389262 0.323333 0 0.376 0.392241 0.381757 0.452055 0.379195 0.365772 0.336735 0.338926 0.385906 0.389655 0.408784 0.291946 
0.397436 0.42 0.383065 0.402778 0.396 0.399194 0.435484 0.364 0.376 0 0.346154 0.382114 0.504132 0.427419 0.459677 0.393443 0.354839 0.399194 0.483333 0.398374 0.322581 
0.421296 0.362069 0.365217 0.348485 0.349138 0.369565 0.430435 0.340517 0.392241 0.346154 0 0.407895 0.383929 0.4 0.391304 0.371681 0.386957 0.269565 0.40991 0.429825 0.321739 
0.346429 0.415541 0.37415 0.438931 0.388514 0.37415 0.401361 0.331081 0.381757 0.382114 0.407895 0 0.34375 0.353741 0.312925 0.375862 0.418367 0.363946 0.339161 0.383562 0.336735 
0.347826 0.349315 0.386207 0.383721 0.400685 0.362069 0.386207 0.39726 0.452055 0.504132 0.383929 0.34375 0 0.406897 0.341379 0.384615 0.4 0.337931 0.343972 0.40625 0.413793 
0.340426 0.392617 0.297297 0.443182 0.375839 0.347973 0.341216 0.385906 0.379195 0.427419 0.4 0.353741 0.406897 0 0.209459 0.376712 0.381757 0.39527 0.354167 0.452381 0.364865 
0.322695 0.395973 0.337838 0.443182 0.322148 0.307432 0.331081 0.312081 0.365772 0.459677 0.391304 0.312925 0.341379 0.209459 0 0.369863 0.341216 0.341216 0.357639 0.408163 0.290541 
0.341727 0.360544 0.34589 0.369231 0.357143 0.321918 0.35274 0.316327 0.336735 0.393443 0.371681 0.375862 0.384615 0.376712 0.369863 0 0.34589 0.40411 0.362676 0.382759 0.308219 
0.336879 0.416107 0.391892 0.390152 0.281879 0.287162 0.307432 0.255034 0.338926 0.354839 0.386957 0.418367 0.4 0.381757 0.341216 0.34589 0 0.381757 0.375 0.340136 0.297297 
0.365248 0.392617 0.361486 0.367424 0.409396 0.337838 0.435811 0.328859 0.385906 0.399194 0.269565 0.363946 0.337931 0.39527 0.341216 0.40411 0.381757 0 0.430556 0.44898 0.317568 
0.343066 0.389655 0.381944 0.382812 0.389655 0.361111 0.333333 0.344828 0.389655 0.483333 0.40991 0.339161 0.343972 0.354167 0.357639 0.362676 0.375 0.430556 0 0.367133 0.364583 
0.342857 0.398649 0.380952 0.389313 0.347973 0.29932 0.340136 0.337838 0.408784 0.398374 0.429825 0.383562 0.40625 0.452381 0.408163 0.382759 0.340136 0.44898 0.367133 0 0.306122 
0.283688 0.342282 0.297297 0.352273 0.285235 0.273649 0.368243 0.265101 0.291946 0.322581 0.321739 0.336735 0.413793 0.364865 0.290541 0.308219 0.297297 0.317568 0.364583 0.306122 0 
