21
F1_F1      0.0000000 1.0871244 0.9389415 1.4886431 0.8377858 1.1502740 0.8681167 1.1700825 1.4556656 1.7282065 1.6585894 1.0856186 1.0222116 0.9050156 1.1110393 1.0360317 1.2505510 1.0214002 0.9689933 1.2172985 1.0567594 
F2_F2      1.0871244 0.0000000 1.2505608 0.3091004 1.2006862 1.1018783 1.1211863 1.0865042 1.0704353 1.6570974 1.3588548 1.1280453 0.8309380 0.9143835 1.3067099 0.9795856 1.3465448 1.0166945 0.9021113 1.1062309 1.4403738 
F3_F3      0.9389415 1.2505608 0.0000000 1.4922473 1.4425285 1.4952506 1.3529652 0.9999189 1.3278361 1.5492075 1.6052741 1.1956474 1.1239274 0.7685387 1.1386275 1.0959428 1.3704634 1.0065738 1.0922176 1.5410681 1.2271644 
F4_F4      1.4886431 0.3091004 1.4922473 0.0000000 1.5909768 1.4839653 1.5206391 1.6245652 1.5299104 1.8653511 1.7369981 1.5438581 1.3095204 1.3487661 1.8347999 1.4604658 1.7037037 1.2146333 1.1939381 1.4641394 2.1184702 
F5_F5      0.8377858 1.2006862 1.4425285 1.5909768 0.0000000 0.8758852 1.1552450 0.9483384 1.3665484 1.7903018 1.4937116 1.4332628 1.4589068 1.1823525 1.1681844 1.1615659 0.9939201 1.5166229 1.4692322 1.1821907 1.0281481 
F6_F6      1.1502740 1.1018783 1.4952506 1.4839653 0.8758852 0.0000000 1.1054972 0.8862223 1.2130750 1.8911649 1.7235560 1.3924593 1.2389240 1.1458841 1.0904837 1.0392785 1.0600520 1.1148133 1.2503168 0.9954195 0.9075203 
F7_F7      0.8681167 1.1211863 1.3529652 1.5206391 1.1552450 1.1054972 0.0000000 1.0891188 1.3910582 1.9041702 1.8699862 1.2337574 1.0037547 0.7111143 1.1345639 1.1317226 1.0687692 1.1597981 0.9425727 0.9185760 1.5484012 
F8_F8      1.1700825 1.0865042 0.9999189 1.6245652 0.9483384 0.8862223 1.0891188 0.0000000 1.2132724 1.3412032 1.6435812 0.8827666 1.3938675 1.1877284 1.0424399 0.9991212 0.6997027 0.9783409 1.0854440 1.1508811 0.8928490 
F9_F9      1.4556656 1.0704353 1.3278361 1.5299104 1.3665484 1.2130750 1.3910582 1.2132724 0.0000000 1.6985819 1.5693164 1.1798999 1.3440184 1.1100082 1.2156750 1.2136610 1.3101372 1.1125235 1.2349159 1.2819313 1.1422676 
F23_F23    1.7282065 1.6570974 1.5492075 1.8653511 1.7903018 1.8911649 1.9041702 1.3412032 1.6985819 0.0000000 1.7825162 1.4987122 2.0983652 1.5752592 2.4801615 1.8505573 1.4755046 1.5293213 1.9152093 1.6890927 1.7486561 
F22_F22    1.6585894 1.3588548 1.6052741 1.7369981 1.4937116 1.7235560 1.8699862 1.6435812 1.5693164 1.7825162 0.0000000 1.8241117 1.5663358 1.5123443 2.0558724 1.6991877 1.7248339 1.1402226 1.6117606 2.1538446 1.8483901 
F18_F18    1.0856186 1.1280453 1.1956474 1.5438581 1.4332628 1.3924593 1.2337574 0.8827666 1.1798999 1.4987122 1.8241117 0.0000000 0.9189956 0.8760262 1.0225158 1.1894545 1.3934654 1.0438850 0.9153007 1.2861406 1.3340267 
F20_F20    1.0222116 0.8309380 1.1239274 1.3095204 1.4589068 1.2389240 1.0037547 1.3938675 1.3440184 2.0983652 1.5663358 0.9189956 0.0000000 1.0568609 1.1793980 1.3251385 1.5312420 0.8698252 0.8559601 1.3040113 2.0265448 
F12_F12    0.9050156 0.9143835 0.7685387 1.3487661 1.1823525 1.1458841 0.7111143 1.1877284 1.1100082 1.5752592 1.5123443 0.8760262 1.0568609 0.0000000 0.6414258 1.1115837 1.2342785 0.9885033 0.8292312 1.4719293 1.5742572 
F13_F13    1.1110393 1.3067099 1.1386275 1.8347999 1.1681844 1.0904837 1.1345639 1.0424399 1.2156750 2.4801615 2.0558724 1.0225158 1.1793980 0.6414258 0.0000000 1.4442061 1.3984041 1.2512553 1.1778877 1.6868684 1.1059095 
F10_F10    1.0360317 0.9795856 1.0959428 1.4604658 1.1615659 1.0392785 1.1317226 0.9991212 1.2136610 1.8505573 1.6991877 1.1894545 1.3251385 1.1115837 1.4442061 0.0000000 1.1363361 1.2588442 1.1079808 1.3436306 0.9941732 
F11_F11    1.2505510 1.3465448 1.3704634 1.7037037 0.9939201 1.0600520 1.0687692 0.6997027 1.3101372 1.4755046 1.7248339 1.3934654 1.5312420 1.2342785 1.3984041 1.1363361 0.0000000 1.0945180 1.2963442 1.1692698 1.0157032 
F16_F16    1.0214002 1.0166945 1.0065738 1.2146333 1.5166229 1.1148133 1.1597981 0.9783409 1.1125235 1.5293213 1.1402226 1.0438850 0.8698252 0.9885033 1.2512553 1.2588442 1.0945180 0.0000000 1.3687393 1.6039780 1.1704139 
F17_F17    0.9689933 0.9021113 1.0922176 1.1939381 1.4692322 1.2503168 0.9425727 1.0854440 1.2349159 1.9152093 1.6117606 0.9153007 0.8559601 0.8292312 1.1778877 1.1079808 1.2963442 1.3687393 0.0000000 1.1217788 1.6083399 
F14_F14    1.2172985 1.1062309 1.5410681 1.4641394 1.1821907 0.9954195 0.9185760 1.1508811 1.2819313 1.6890927 2.1538446 1.2861406 1.3040113 1.4719293 1.6868684 1.3436306 1.1692698 1.6039780 1.1217788 0.0000000 1.3660367 
F15_F15    1.0567594 1.4403738 1.2271644 2.1184702 1.0281481 0.9075203 1.5484012 0.8928490 1.1422676 1.7486561 1.8483901 1.3340267 2.0265448 1.5742572 1.1059095 0.9941732 1.0157032 1.1704139 1.6083399 1.3660367 0.0000000 
